Rank-1: 93.43%
Rank-5: 100.00%

              precision    recall  f1-score   support

           0       0.67      0.67      0.67         3
           1       0.80      1.00      0.89         4
           2       1.00      1.00      1.00         4
           3       1.00      1.00      1.00         4
           4       1.00      1.00      1.00         1
           5       1.00      1.00      1.00         6
           6       1.00      1.00      1.00         2
           7       1.00      1.00      1.00         2
           8       1.00      0.75      0.86         4
           9       1.00      1.00      1.00         5
          10       0.50      1.00      0.67         1
          11       1.00      0.67      0.80         3
          12       1.00      1.00      1.00         5
          13       1.00      0.75      0.86         4
          14       1.00      0.80      0.89         5
          15       1.00      1.00      1.00         4
          16       1.00      0.80      0.89         5
          17       1.00      1.00      1.00         1
          18       0.86      1.00      0.92         6
          19       1.00      1.00      1.00         3
          20       0.83      1.00      0.91         5
          21       1.00      1.00      1.00         2
          22       1.00      0.75      0.86         4
          23       1.00      1.00      1.00         2
          24       1.00      1.00      1.00         2
          25       0.75      1.00      0.86         3
          26       1.00      1.00      1.00         4
          27       0.75      1.00      0.86         3
          28       1.00      0.83      0.91         6
          29       1.00      1.00      1.00         4
          30       1.00      1.00      1.00         4
          31       0.67      1.00      0.80         2
          32       0.67      1.00      0.80         2
          33       1.00      1.00      1.00         2
          34       1.00      0.67      0.80         3
          35       1.00      1.00      1.00         1
          36       1.00      1.00      1.00         1
          37       1.00      1.00      1.00         6
          38       1.00      1.00      1.00         1
          39       1.00      1.00      1.00         2
          40       1.00      1.00      1.00         3
          41       1.00      1.00      1.00         3

   micro avg       0.93      0.93      0.93       137
   macro avg       0.94      0.94      0.93       137
weighted avg       0.95      0.93      0.93       137

