Rank-1: 53.28%
Rank-5: 88.32%

              precision    recall  f1-score   support

           0       0.25      0.33      0.29         3
           1       0.33      0.25      0.29         4
           2       0.80      1.00      0.89         4
           3       1.00      1.00      1.00         4
           4       0.07      1.00      0.13         1
           5       0.00      0.00      0.00         6
           6       1.00      0.50      0.67         2
           7       0.00      0.00      0.00         2
           8       0.00      0.00      0.00         4
           9       0.83      1.00      0.91         5
          10       0.00      0.00      0.00         1
          11       0.50      1.00      0.67         3
          12       1.00      0.80      0.89         5
          13       1.00      0.75      0.86         4
          14       0.50      0.20      0.29         5
          15       0.00      0.00      0.00         4
          16       1.00      0.60      0.75         5
          17       0.17      1.00      0.29         1
          18       0.00      0.00      0.00         6
          19       0.67      0.67      0.67         3
          20       1.00      0.20      0.33         5
          21       0.18      1.00      0.31         2
          22       0.00      0.00      0.00         4
          23       0.25      1.00      0.40         2
          24       0.50      1.00      0.67         2
          25       0.00      0.00      0.00         3
          26       1.00      0.50      0.67         4
          27       1.00      0.67      0.80         3
          28       1.00      0.67      0.80         6
          29       1.00      0.25      0.40         4
          30       1.00      1.00      1.00         4
          31       0.40      1.00      0.57         2
          32       0.50      0.50      0.50         2
          33       1.00      1.00      1.00         2
          34       1.00      1.00      1.00         3
          35       0.00      0.00      0.00         1
          36       1.00      1.00      1.00         1
          37       1.00      0.17      0.29         6
          38       1.00      1.00      1.00         1
          39       1.00      1.00      1.00         2
          40       0.75      1.00      0.86         3
          41       0.30      1.00      0.46         3

   micro avg       0.53      0.53      0.53       137
   macro avg       0.57      0.60      0.51       137
weighted avg       0.61      0.53      0.51       137

